600
7
2800
30
30
0
450
8
2800
35
40
0
600
8
2900
30
30
0
400
8
2850
30
30
0
500
7
3000
30
45
0
800
7
2800
30
30
0
500
8
2800
30
30
0
500
6
2800
30
30
0
500
6
2800
30
30
0
450
7
2800
30
30
0
1100
9
3000
40
40
0
650
9
3000
40
40
0
500
7
2800
30
30
0
250
7
2800
30
30
0
500
7
2800
30
30
0
600
7
2800
35
35
0
900
7
2800
30
30
0
450
7
2800
30
30
0
600
7
2800
30
30
0
500
7
2800
30
30
0
350
5
2800
20
20
0
400
8
2800
30
30
0
600
8
2800
40
40
0
550
8
2800
40
30
0
500
6
2800
30
30
0
600
8
2800
30
30
0
900
8
3000
40
30
0
500
6
2800
30
30
0
900
8
2850
40
40
0
800
7
2900
40
40
0
500
8
3000
30
30
0
600
9
2950
35
35
0
